(No value)
12251
12230
12204
12250
12257
12235
15493
12229
12198
12916
12233
12256
12222
12212
12347
15492
12345
12191
23067
12206
13863
12219
12332
12238
15393
13998
24169
12247
12252
15491
22709
22708
12334
12234
20986
19774
21192
12210
12224
20984
12242
21194
12249
21195
12209
22736
15505
12248
12243
23222
12202
17623
22737
21663
20009
12211
12240
12337
12232
12218
13817
12221
12346
12344
12195
12208
22614
12329
12340
12203
21098
26127
12348
12910
12201
12918
12903
12228
12907
12349
12858
22710
12864
12193
12244
22531
12922
20006
19917
13815
12392
12207
12891
12336
22711
12199
17810
12236
20561
12920
12876
15454
15506
12919
13803
12194
12888
23068
20564
12333
20983
22712
13972
15507
12393
12253
13855
12994
19565
20987
21676
12868
23063
12338
26043
12220
23066
12231
12226
12902
12342
12192
12245
12883
12391
12878
12882
22740
12900
21193
17038
19921
22725
22713
13849
13850
12921
20010
12911
20974
21046
12239
15459
12331
17036
23070
15460
12196
12886
12225
24168
20985
21039
12870
23908
19561
21097
12341
17733
17039
23919
12213
21654
21802
15494
25017
16813
22530
12865
20565
25019
13001
20008
12343
23061
13938
20563
12856
13854
13999
23065
21149
26044
24167
13848
12892
22789
19563
12214
25018
19762
13816
12255
12946
16067
21148
26046
20990
12330
21947
15565
21044
13801
21948
12872
12863
23215
19361
22905
21048
20562
12867
13846
12339
12899
12862
13942
23922
16070
12869
20572
23238
12860
13944
21801
20646
16757
13871
26042
12884
12904
12877
19775
21052
22868
23239
12879
26182
13808
26048
12237
14040
13997
12254
12905
19764
22647
21805
23069
12912
21064
16806
23909
21183
13864
13870
19759
26098
12885
19768
12217
13882
12223
12894
19763
12215
12197
22726
