40
74
399
36
96
270
299
490
191
2
228
365
271
57
398
151
190
45
52
250
232
416
156
111
149
388
280
82
455
451
26
220
412
124
112
378
397
472
233
369
482
311
211
207
347
337
389
155
289
457
143
185
251
219
349
213
243
144
371
338
98
0
317
325
259
295
31
379
447
303
173
261
400
80
491
6
25
402
64
464
1
419
321
452
59
411
70
142
421
302
352
297
469
446
176
272
170
117
345
236
87
56
323
269
38
254
214
383
404
86
209
285
318
465
148
217
71
201
266
16
136
331
275
192
63
357
12
130
193
435
381
410
423
460
28
106
105
103
391
326
205
479
368
109
234
102
245
484
161
284
159
327
122
283
396
48
85
493
319
322
438
113
290
99
475
61
278
346
177
282
474
58
443
75
179
249
131
188
281
372
145
53
328
15
363
486
461
314
355
125
403
73
212
216
292
348
298
445
306
252
336
222
387
182
264
395
91
202
22
158
366
81
360
483
492
27
200
239
184
392
11
13
276
14
133
157
385
343
9
121
68
448
374
172
51
69
150
32
223
367
480
215
434
309
427
18
108
332
334
436
41
17
313
50
358
138
263
167
417
384
246
183
5
407
79
324
462
458
174
361
415
10
405
459
444
49
147
3
187
442
210
414
329
34
456
237
128
206
164
84
208
316
4
277
450
354
198
101
304
181
43
123
425
244
226
72
107
175
495
339
141
248
359
242
23
29
42
340
449
433
390
83
301
100
180
428
24
386
19
195
77
370
307
308
406
485
437
466
267
90
274
224
257
218
20
341
286
356
377
310
467
197
33
300
163
132
273
60
330
178
430
487
154
364
470
67
47
422
335
256
351
350
66
46
426
489
453
258
89
241
342
393
294
221
494
409
440
92
