40
399
96
270
490
2
416
388
455
26
412
220
365
112
271
36
369
398
482
211
280
156
337
155
457
74
143
213
347
228
397
451
232
447
111
82
173
452
59
144
411
151
170
45
56
299
142
191
185
349
217
71
87
289
233
378
63
311
357
12
465
214
295
149
423
251
352
331
52
205
472
148
193
269
176
404
484
379
236
371
284
57
190
136
161
6
345
475
105
469
234
25
396
207
383
283
421
16
419
298
391
98
410
159
389
278
290
31
250
474
131
14
1
70
124
319
460
243
486
201
367
443
108
254
318
436
64
491
464
275
188
223
302
338
61
5
85
38
10
222
493
438
49
117
303
442
435
219
322
75
402
157
80
329
479
355
381
179
366
448
316
395
317
113
48
209
27
348
434
192
327
91
323
72
461
325
252
41
248
392
182
445
208
403
346
343
239
387
0
444
259
400
68
81
158
28
414
360
175
483
321
267
332
458
121
446
405
167
285
246
363
109
9
480
334
99
23
212
206
368
17
22
261
60
485
324
130
354
358
51
364
226
150
180
216
277
122
336
370
73
128
459
172
427
374
177
470
86
145
69
492
138
263
244
133
79
13
102
215
107
164
42
245
15
297
249
406
46
306
487
386
100
384
83
4
67
456
466
272
428
417
433
163
282
314
450
328
407
183
304
66
106
200
11
310
292
141
123
393
53
147
274
3
50
351
326
385
495
84
453
335
437
77
440
372
237
92
273
390
313
359
181
339
125
425
132
361
224
350
43
